=========KNN===========
Train Accuracy : 0.968875
Train Confusion :
[[770   1   0   0   0   2   3   1   0   0]
 [  0 915   2   1   0   0   1   0   0   0]
 [  8  10 784   1   0   0   1  12   3   0]
 [  0   2   0 784   0   6   0   7   1   2]
 [  0   7   1   0 735   0   1   1   0  22]
 [  4   1   0  12   1 691   4   1   1   3]
 [  4   4   0   0   0   0 749   0   1   0]
 [  0  26   0   0   1   0   0 808   0   6]
 [  5   6   2  12   3  13   1   6 738   2]
 [  2   6   1   4   6   0   1  12   2 777]]
Train Report :
              precision    recall  f1-score   support

           0       0.97      0.99      0.98       777
           1       0.94      1.00      0.96       919
           2       0.99      0.96      0.97       819
           3       0.96      0.98      0.97       802
           4       0.99      0.96      0.97       767
           5       0.97      0.96      0.97       718
           6       0.98      0.99      0.99       758
           7       0.95      0.96      0.96       841
           8       0.99      0.94      0.96       788
           9       0.96      0.96      0.96       811

    accuracy                           0.97      8000
   macro avg       0.97      0.97      0.97      8000
weighted avg       0.97      0.97      0.97      8000

Test Accuracy : 0.943
Test Confusion :
[[199   0   0   0   0   1   3   0   0   0]
 [  0 216   0   0   0   0   0   0   0   0]
 [  5   5 191   3   0   0   3   5   1   0]
 [  0   0   2 200   0   3   0   3   0   0]
 [  0   1   0   0 198   1   3   1   0  11]
 [  1   2   1   6   1 161   1   0   0   1]
 [  5   0   0   0   1   0 194   0   0   0]
 [  0   3   0   0   1   0   0 181   0   2]
 [  0   0   4   2   3   5   2   5 164   1]
 [  2   2   1   1   5   0   0   5   0 182]]
Test Report :
              precision    recall  f1-score   support

           0       0.94      0.98      0.96       203
           1       0.94      1.00      0.97       216
           2       0.96      0.90      0.93       213
           3       0.94      0.96      0.95       208
           4       0.95      0.92      0.93       215
           5       0.94      0.93      0.93       174
           6       0.94      0.97      0.96       200
           7       0.91      0.97      0.94       187
           8       0.99      0.88      0.93       186
           9       0.92      0.92      0.92       198

    accuracy                           0.94      2000
   macro avg       0.94      0.94      0.94      2000
weighted avg       0.94      0.94      0.94      2000

=========NB===========
Train Accuracy : 0.58425
Train Confusion :
[[710   1   3   2   2   1  37   1   6  14]
 [  0 899   3   1   0   0   5   0   9   2]
 [ 39  32 267  67  10   7 255   2 126  14]
 [ 26  73   7 344   5   4  95   8 149  91]
 [  3   5   2   1 252   3 102   2  28 369]
 [ 61  38   3  20  13  86  81   2 327  87]
 [  4  12   5   0   0   3 730   0   4   0]
 [  1  15   0   9  13   0   4 263  18 518]
 [  7 111   5   9  11   8  58   1 355 223]
 [  2   9   3   7   9   0   1   8   4 768]]
Train Report :
              precision    recall  f1-score   support

           0       0.83      0.91      0.87       777
           1       0.75      0.98      0.85       919
           2       0.90      0.33      0.48       819
           3       0.75      0.43      0.55       802
           4       0.80      0.33      0.47       767
           5       0.77      0.12      0.21       718
           6       0.53      0.96      0.69       758
           7       0.92      0.31      0.47       841
           8       0.35      0.45      0.39       788
           9       0.37      0.95      0.53       811

    accuracy                           0.58      8000
   macro avg       0.70      0.58      0.55      8000
weighted avg       0.70      0.58      0.56      8000

Test Accuracy : 0.569
Test Confusion :
[[175   0   2   1   0   0  19   0   2   4]
 [  0 203   1   1   1   2   6   0   0   2]
 [ 11  12  62  21   1   4  69   2  26   5]
 [  7   9   1  97   0   2  29   2  38  23]
 [  4   1   4   2  72   3  17   2   6 104]
 [  8   5   2   4   8  18  17   0  91  21]
 [  3   3   0   0   1   1 188   0   3   1]
 [  0   3   0   2   6   0   1  61   5 109]
 [  0  30   2   4   1   6  11   1  76  55]
 [  3   2   1   1   0   0   2   1   2 186]]
Test Report :
              precision    recall  f1-score   support

           0       0.83      0.86      0.85       203
           1       0.76      0.94      0.84       216
           2       0.83      0.29      0.43       213
           3       0.73      0.47      0.57       208
           4       0.80      0.33      0.47       215
           5       0.50      0.10      0.17       174
           6       0.52      0.94      0.67       200
           7       0.88      0.33      0.48       187
           8       0.31      0.41      0.35       186
           9       0.36      0.94      0.53       198

    accuracy                           0.57      2000
   macro avg       0.65      0.56      0.54      2000
weighted avg       0.66      0.57      0.54      2000

=========LR===========
Train Accuracy : 0.997375
Train Confusion :
[[777   0   0   0   0   0   0   0   0   0]
 [  0 919   0   0   0   0   0   0   0   0]
 [  0   0 818   1   0   0   0   0   0   0]
 [  0   0   0 794   0   5   0   0   0   3]
 [  0   0   1   0 766   0   0   0   0   0]
 [  0   0   0   2   0 713   1   0   2   0]
 [  0   0   0   0   0   0 758   0   0   0]
 [  0   0   0   0   0   0   0 840   1   0]
 [  0   1   0   0   0   0   0   0 786   1]
 [  0   0   0   1   0   1   0   0   1 808]]
Train Report :
              precision    recall  f1-score   support

           0       1.00      1.00      1.00       777
           1       1.00      1.00      1.00       919
           2       1.00      1.00      1.00       819
           3       0.99      0.99      0.99       802
           4       1.00      1.00      1.00       767
           5       0.99      0.99      0.99       718
           6       1.00      1.00      1.00       758
           7       1.00      1.00      1.00       841
           8       0.99      1.00      1.00       788
           9       1.00      1.00      1.00       811

    accuracy                           1.00      8000
   macro avg       1.00      1.00      1.00      8000
weighted avg       1.00      1.00      1.00      8000

Test Accuracy : 0.8905
Test Confusion :
[[189   0   2   1   0   5   4   0   1   1]
 [  0 208   1   0   0   3   0   2   2   0]
 [  1   1 183   3   3   1   2   7   8   4]
 [  1   0   5 186   1   7   1   4   0   3]
 [  0   0   3   0 185   0   7   3   3  14]
 [  0   2   1   8   4 139   3   3  12   2]
 [  4   0   3   0   3   5 181   2   2   0]
 [  1   1   1   1   1   1   0 173   1   7]
 [  1   1   4   7   1   8   1   4 155   4]
 [  0   1   0   3   8   2   0   1   1 182]]
Test Report :
              precision    recall  f1-score   support

           0       0.96      0.93      0.94       203
           1       0.97      0.96      0.97       216
           2       0.90      0.86      0.88       213
           3       0.89      0.89      0.89       208
           4       0.90      0.86      0.88       215
           5       0.81      0.80      0.81       174
           6       0.91      0.91      0.91       200
           7       0.87      0.93      0.90       187
           8       0.84      0.83      0.84       186
           9       0.84      0.92      0.88       198

    accuracy                           0.89      2000
   macro avg       0.89      0.89      0.89      2000
weighted avg       0.89      0.89      0.89      2000

=========DT===========
